LG_0001 
66.4683044	67.8902959	67.9160823	66.6750133	69.0884146	64.0831695	64.7549866	64.2116452	65.3654233	64.4456112	64.1294371	54.5583413	52.1205009	48.6206301	50.4320425	43.2763506	48.5966066	36.4847698	
39.4130	35.9380	33.1470	34.4910	35.2470	32.4860	32.3760	33.5630	31.2820	30.7810	28.6480	28.9830	27.1910	27.9170	27.1460	26.8570	26.6090	26.1800	
LG_0006 
77.5948577	77.5946760	77.1162947	76.8039313	76.2416173	75.9293140	77.1732742	74.5879853	75.3222194	76.2466170	75.8723697	74.3568530	74.6892492	69.5667847	73.5682565	75.1111622	73.6171409	47.1766546	
61.0140	60.7390	58.3930	57.8560	55.6660	54.5120	47.3300	48.9290	46.0580	40.2730	36.0610	31.8630	30.4710	29.7450	29.0060	28.6990	28.4880	27.9360	
LG_0008 
68.4036779	68.4038092	70.0146393	67.5523371	64.4722891	69.2658891	73.0038966	68.5873235	72.8745161	57.1452567	65.2219145	39.0695202	59.4948771	71.4057664	65.8304442	61.3939662	53.7807405	62.3863539	
42.6330	42.6870	40.3820	40.7160	38.2060	38.7540	36.8490	37.0830	38.3320	34.3380	33.8540	39.4570	32.3380	33.6960	33.2070	32.1110	32.1550	31.1750	
LG_0015 
72.4341333	74.9730278	75.4628447	75.1987967	73.9247088	74.0331692	76.5331075	76.6910718	72.6461524	70.3251722	65.6626180	77.2271598	54.2492441	36.9728661	28.8900913	41.7068381	41.2160867	47.7244685	
43.3970	46.6790	45.8010	42.9390	38.6980	39.8960	43.4280	43.1490	32.7940	32.0480	30.7150	31.7450	30.6170	29.1620	29.0060	30.0380	29.1310	28.0470	
HG_0012 
46.8206532	53.7059386	46.2166712	51.2569155	46.1662207	47.6300187	47.3766150	43.6736001	52.0924428	46.7742349	45.9404831	53.0199385	37.7983996	30.9336166	18.4875726	24.1916812	20.0571294	17.0330927	
45.2830	59.0980	41.5620	41.6500	40.1360	38.6270	38.7750	37.3180	37.0440	34.6800	33.6090	35.6050	32.1120	31.9010	31.5890	31.4410	31.6740	30.8050	
