LG_0001 
66.3082867	67.2302335	69.0286384	67.9647716	67.8265110	66.6569785	67.9769242	64.6419530	67.1156710	71.1176489	63.6682100	68.1869923	
42.6600	39.5000	40.7600	39.4600	33.1300	32.6500	32.3000	31.8200	31.3800	31.1000	31.8300	30.3100	
LG_0006 
77.5962828	78.3798159	77.6531640	76.8018755	77.6166628	77.7040143	76.8789181	76.9822891	76.2814920	78.4217981	78.1233291	77.7036313	
68.8700	51.6900	46.6600	43.5200	34.3100	39.9000	39.1900	37.3600	35.9700	33.4600	32.8500	32.5800	
LG_0008 
70.3082279	66.6156340	70.6590427	67.9426893	66.9907355	65.3702092	64.3942987	63.1107797	73.2048390	72.6936391	60.2448906	69.9217453	
46.7300	43.0600	37.6800	36.7600	36.5000	36.3000	36.3500	34.9400	37.4700	37.0600	33.4400	36.2000	
LG_0015 
76.2832908	75.7251498	74.7531510	54.6667794	76.6837057	74.9660265	68.1140826	75.4714654	72.7047556	76.2490864	33.7983031	77.1977692	
52.7300	40.4700	42.2000	36.4900	39.5800	33.4200	33.8000	32.8800	32.8900	36.2500	32.5200	31.6900	
HG_0012 
49.6127019	44.3718146	61.0275823	52.1120263	51.6305415	47.5180978	51.7384999	37.0527218	54.4869466	28.3593989	37.0649599	42.2482922	
53.6400	45.2100	45.2500	37.2100	36.0600	35.6400	36.8900	35.8600	40.5300	34.8500	33.9800	33.9100	
HG_0010 
62.5308659	62.7339932	65.8783202	59.1214273	60.4734516	59.4228967	54.8129001	63.4894852	49.9211832	61.2232640	65.0185133	47.6026752	
44.1900	40.2000	37.8600	37.3700	37.5200	36.2400	36.4000	36.0400	37.2200	35.2200	34.3600	34.8400	
HG_0011 
77.8169170	78.4031158	76.7092936	77.5127312	79.3224531	76.1368663	75.9034961	72.1220510	77.3663953	73.1202462	74.4397853	73.1928392	
51.9900	41.6700	38.5500	34.5400	32.9000	37.0800	32.7400	35.8300	30.9500	36.0600	31.7500	30.7000	
HG_0001 
80.1884351	80.3687029	79.3153366	80.4281812	80.1709555	80.6149763	79.4149562	79.9458606	79.7543992	79.7189252	78.4510304	78.2384909	
57.6600	49.0600	54.5700	42.6200	45.8000	39.2600	39.0200	37.5200	46.2300	36.1800	38.3200	36.5700	
HG_0014 
78.7850759	78.3285214	77.2280844	77.2146799	70.4258830	77.9468235	72.0646232	73.1177085	78.9594316	73.3087341	70.1173185	75.8279428	
62.0000	54.8200	43.5900	43.4200	42.0300	41.9600	47.2300	38.1200	44.7200	42.7600	37.4300	43.5700	
HG_0003 
67.1927649	66.6706187	69.3014290	66.2575998	67.1845464	67.5823456	66.3834720	65.0844509	65.8095312	61.7976706	67.1798486	66.8001399	
56.4700	49.2800	45.5800	45.7900	42.9200	41.2700	40.1300	40.4900	41.3000	47.9600	41.2800	40.2600	
HG_0002 
63.8577186	65.2369039	65.0079005	64.7164926	63.4282308	63.7248674	60.6226586	63.3241952	60.2179949	58.5549679	64.1343831	61.9702052	
53.6100	43.4400	44.5100	38.5900	37.6100	37.3300	42.5100	36.2500	34.8100	39.8700	35.1500	36.0800	
HG_0008 
74.3367428	75.0373254	75.0591057	75.8015575	74.8369200	76.9640368	74.6608012	72.5467787	75.2116991	69.8014193	74.1445943	73.3808986	
67.6800	57.1600	49.3100	48.8500	44.0200	47.3900	40.8600	40.5600	40.6900	38.8800	38.1200	38.7200	
HG_0022 
67.8620721	63.1804205	60.5651934	63.7273403	60.8080466	60.8027918	61.1927626	59.2896006	54.5690125	56.8551822	60.6099602	52.7895263	
53.1500	46.9400	50.2700	45.9600	43.4300	40.2500	37.5600	35.5000	34.4800	44.6300	41.1700	40.8100	
HG_0027 
66.5005599	68.2620293	64.2754856	64.3855235	64.8436301	65.7092219	63.7409836	66.8361522	62.7724064	58.6173797	59.5298234	58.2495432	
57.7400	47.0300	47.3700	49.5800	39.4200	38.6600	38.2800	38.6000	39.2500	35.8800	38.7800	42.0800	
HG_0025 
69.6956654	67.7195614	70.4636127	70.6814256	67.8051306	68.5281757	72.0480422	71.4720669	67.2416215	66.0262525	67.9690222	67.9218263	
55.3000	44.0000	40.5100	41.3000	37.0300	39.3200	36.8400	36.3400	36.0500	36.2300	35.0100	34.8300	
