LG_0001	gamma=50 
65.8912527	65.9335881	65.8938055	65.9641552	66.0208243	65.9719363	66.0163154	66.0674206	65.9481539	66.0296900	66.0373722	65.9789353	66.0796939	66.0401031	65.9227885	66.0690040	65.9734600	
68.5400	65.0100	64.9200	65.9400	64.9400	64.9500	66.3700	66.1400	66.0100	66.3400	66.6400	66.3900	66.0000	65.2700	65.5500	65.6000	65.0500	
LG_0006	gamma=1 
77.9832415	78.6211311	78.4485868	79.1006485	78.5654188	78.1991619	77.9248349	77.5310730	77.6483168	77.9767873	77.8943575	77.7694535	77.8447021	77.6426896	77.7465468	77.3758492	77.6253519	
77.8800	69.3900	66.9900	64.6700	63.7400	64.0200	63.5100	63.6800	63.8100	63.6800	63.6800	63.2200	63.5000	63.4800	63.7700	63.7700	63.4100	
LG_0008	gamma=200 
59.2493163	60.0899380	59.3670420	58.1505646	58.1573228	57.1425657	57.5653774	57.4062752	57.0339029	57.2098381	57.5080784	57.5270254	56.8364020	57.1622190	59.6841469	57.3034283	57.7226164	
93.8400	96.1700	91.9000	93.0200	93.4400	93.4600	92.3800	91.9600	92.6900	93.2100	93.9700	93.3700	95.8300	95.1900	95.2500	94.0000	94.5900	
LG_0015	gamma=200 
70.5229360	69.9475576	70.3902450	69.3852458	68.0751851	67.9117240	66.6552782	67.7643137	67.1600666	67.3632261	67.3621498	66.8320158	67.2531065	66.5874567	66.6913690	66.7134486	67.5421953	
94.9500	93.0100	93.0800	92.4900	92.7100	92.5500	92.6900	92.2300	92.3300	92.3000	92.0900	92.2300	92.5200	92.9100	92.8100	94.3800	93.1000	
HG_0012	gamma=50 
52.3291072	50.3395934	49.1211456	48.9822764	49.1872357	48.3646475	49.0074515	49.1131282	49.1272069	48.4542768	49.0393145	49.1625480	49.5535941	49.1209943	48.9603267	48.7469423	49.0051380	
81.5100	79.8400	79.6900	79.5800	79.9900	80.2400	79.6600	79.8700	79.6300	79.8600	79.9100	80.3000	79.9400	80.2600	79.5300	79.8400	79.9000	
HG_0010	gamma=50 
69.2808810	69.1360236	69.5981357	69.3013383	69.3421105	69.1948844	69.1345460	69.2475036	69.1262067	69.4221621	69.2875922	69.1055834	69.2048703	69.4507284	69.1682633	69.3484806	69.7232181	
86.3500	84.3400	84.7100	83.9400	83.6300	83.7800	84.0400	83.8500	84.3400	83.7900	84.6000	83.1500	83.7600	84.0500	83.2200	83.7800	83.5400	
HG_0011	gamma=5 
80.2156078	79.3844858	79.2902984	79.0366798	78.7188432	78.3147022	78.1329438	78.1937993	78.1443894	78.1482937	78.2835066	78.2959723	78.1567631	78.1156549	78.2793033	78.3600758	78.2498591	
69.2600	64.5600	64.2400	63.4900	63.1200	63.4800	63.7300	63.8900	63.2500	63.8300	63.4600	63.6000	63.6800	64.0400	63.9000	63.7300	63.4700	
HG_0001	gamma=0.01 
82.5419967	83.0365769	82.8908407	82.1431933	81.2024319	81.1062230	81.0051511	80.7214832	80.5346967	80.6993452	80.5267312	79.7876430	79.6658188	78.4800201	78.2677323	77.9289188	77.7259040	
131.4700	116.0000	102.3900	88.6900	81.3400	78.2700	76.5800	74.4600	72.6100	72.9300	71.0600	70.0500	69.7700	68.7600	68.3000	68.0100	67.7300	
HG_0014	gamma=5 
78.9934405	78.9709129	78.2575619	77.6989919	77.8140036	77.7649285	77.8429093	77.7968977	77.8405939	77.8581998	77.9279424	77.8291674	77.8644044	77.7746504	77.7040233	77.8942944	77.7242110	
86.4200	78.3500	77.2600	76.7400	76.4400	76.2600	76.2000	76.2800	76.4000	76.2400	76.5100	76.4300	76.4200	76.2000	75.9900	76.2900	76.6100	
HG_0003	gamma=1 
67.0873147	67.5371510	67.7664631	68.3006673	68.1505062	67.7697017	67.7183788	67.7366615	67.7699801	67.8075682	67.5543567	67.4716196	67.5719502	67.4581637	67.8236675	67.6611514	67.6831355	
106.4400	93.1500	89.7100	85.0800	83.3100	82.9400	82.7200	82.0600	81.8500	81.7300	81.2900	81.0800	80.8600	80.8900	80.5500	80.3400	80.5000	
HG_0002	gamma=50 
67.9042854	68.4559845	68.2796556	67.9559025	68.2621198	67.7858634	67.9608388	67.9626374	68.3046773	68.1173454	68.2468948	68.0442820	68.8527808	68.0103906	68.6459630	68.0616684	68.1605247	
87.8200	86.5500	86.4800	86.7400	86.7000	87.8800	87.7700	90.9500	87.9900	87.5200	87.4000	87.5900	87.9800	87.6800	87.0000	87.1200	87.3400	
HG_0008	gamma=5 
76.5787917	76.6523831	76.0971230	75.1258364	74.4720652	74.3846782	74.3012919	74.4038950	74.3494763	74.5018751	74.2873290	74.3365330	74.4523413	74.4718329	74.4722290	74.3733083	74.4036429	
93.3800	80.9700	80.7100	78.5100	78.8200	78.9800	78.7500	77.9000	77.5100	77.5800	77.4500	77.5000	77.8100	77.4500	77.4900	77.5200	77.3300	
HG_0022	gamma=5 
79.6310306	79.4903941	79.6391829	79.8743926	79.8219744	79.8741215	79.8790851	79.8673171	79.8786948	80.0012088	79.9257396	79.8845842	79.9329520	80.0724707	79.9023386	80.0137878	79.9230263	
78.4200	72.9600	71.9700	71.9600	71.7400	71.7200	71.5600	72.2700	71.6100	72.2200	72.0000	72.8800	71.5400	71.6700	71.8000	72.4500	76.6300	
HG_0027	gamma=10 
67.2586797	67.8132124	67.7335853	68.0308399	67.6567489	67.4960196	67.5534990	67.3477333	67.5457232	67.5784673	67.5810352	67.5828645	67.6274507	67.5838240	67.5314632	67.6125452	67.5217102	
88.8200	81.3400	76.5200	76.4800	76.1200	76.8600	77.6000	76.1800	76.6600	76.1300	76.6400	76.7800	75.9400	77.3900	76.1000	76.0700	75.4200	
HG_0025	gamma=50 
75.2379805	74.7141666	74.8361081	74.6841667	74.8929783	74.7226893	74.7518926	74.8883561	74.7181607	74.8140348	74.6143108	74.7991924	74.8165426	74.8374803	74.7183036	74.7358501	74.7222409	
90.9700	88.5900	88.1100	89.3000	89.4500	88.6500	88.1500	88.1100	88.2400	88.4600	88.8200	87.7100	88.5100	88.3700	87.9100	89.3100	87.8800	
