LG_0001	C=1 
37.2976	48.7688	43.6994	56.1524	57.9139	62.0332	64.2871	68.4818	70.6861	65.7860	56.5624	48.2289	42.2894	34.1341	29.3713	26.3973	18.5837	
94.5800	94.6100	94.1900	94.2100	93.9600	82.3200	77.1700	70.0600	67.3900	65.5700	70.2600	74.5300	77.4600	82.9100	87.1800	91.1400	103.8700	
LG_0006	C=1 
65.0763	64.7310	65.1039	69.2028	69.5647	77.2437	78.0522	79.8578	80.0529	82.1094	79.4803	73.7557	68.7860	62.6456	59.0253	56.7507	45.9253	
113.5600	115.2100	114.5300	100.8900	95.7600	81.6600	76.0900	66.8000	65.7300	67.5600	72.9600	77.3500	80.3000	84.4300	89.4100	92.5200	104.0000	
LG_0008	C=1 
63.7514	63.7059	63.5656	64.2387	66.1955	67.2723	67.9589	72.3433	73.4106	75.7472	71.0008	65.2291	59.1793	52.2057	50.1191	44.8411	37.7157	
119.9000	119.9400	120.6100	120.2300	117.4800	103.2300	96.8100	85.9600	81.3700	79.9200	85.1000	88.9600	92.0600	97.2300	102.1600	105.8300	121.3900	
LG_0015	C=100 
49.6032	51.7518	53.3178	48.7453	48.3010	61.9223	72.0553	75.1065	74.5371	75.0967	75.7461	72.8720	68.1121	59.2096	52.3589	48.2909	37.2881	
114.0900	99.1000	94.8600	85.1000	82.6000	77.2300	74.4800	70.5200	68.1000	72.7300	80.4200	86.9300	92.2100	97.9000	104.1000	109.5400	129.1400	
HG_0012	C=50 
19.6905	29.3190	32.4569	35.5461	37.1889	41.8167	44.0617	48.9054	48.1693	48.4301	49.7819	48.4296	47.4296	45.4472	44.4433	41.7749	38.1690	
118.2600	99.3800	95.5600	89.3100	86.6100	81.9700	80.8600	72.8800	72.0700	78.6700	87.5400	93.4400	97.1400	104.6600	110.0700	114.7000	132.5400	
HG_0010	C=1 
34.9891	35.5290	36.0195	35.7168	36.3928	42.8944	51.7212	68.8141	72.7905	69.3965	64.8974	59.7561	52.8483	46.7027	42.9364	39.3246	30.4768	
98.1000	99.6300	99.2800	98.9900	99.8000	91.1900	87.5400	80.1400	78.7800	83.8600	91.5100	97.2900	101.7300	106.7400	111.9200	115.5800	129.6300	
HG_0011	C=1 
72.3762	73.7051	73.7271	74.5835	76.6090	76.9849	77.6326	80.1496	78.8636	73.7459	61.3678	53.1436	47.6924	39.4277	35.4597	31.5340	23.1213	
153.5400	151.0400	132.2000	106.4700	100.1900	82.1700	76.1500	68.8600	66.7000	72.2300	77.8200	83.0900	87.0600	95.7000	101.3000	107.0900	125.8800	
HG_0001	C=1 
82.5475	82.6898	82.5816	83.0026	82.9975	82.4862	82.7264	84.6295	85.4879	67.4758	48.9670	41.9613	34.7669	28.5106	25.4815	23.7766	17.5100	
129.4600	129.8600	129.8900	114.6500	101.7900	79.8900	75.9100	69.3400	69.9400	78.3900	87.7200	94.7400	100.9400	107.5900	113.7700	118.2100	139.6300	
HG_0014	C=1 
68.9880	45.8280	57.7505	71.0651	74.3476	73.2935	74.9191	79.0244	79.4854	70.9070	50.5544	36.6726	31.6531	25.6418	22.8905	20.1889	14.3475	
139.2500	139.8800	139.9000	137.1200	132.1600	111.2200	100.8400	84.7500	81.9900	90.6600	98.9400	105.9200	111.2200	119.5300	126.0700	131.6600	151.6200	
HG_0003	C=1 
56.8820	57.4721	57.9696	61.8074	62.6168	65.4898	66.9990	68.2079	69.6689	70.1855	60.6396	53.8341	48.5618	42.4973	38.9541	36.1401	27.7583	
177.6200	178.2500	179.9400	146.8600	133.5800	114.8100	105.5500	90.5300	86.6300	95.1300	103.7500	109.3200	115.6500	124.1500	132.7200	139.4000	168.1200	
HG_0002	C=1 
58.7649	59.3962	59.2233	61.9646	63.2334	65.2814	66.4054	68.7993	69.5809	67.7231	61.5489	53.6921	49.1941	42.6910	38.2777	36.3048	28.6245	
130.3200	131.1200	130.9800	115.4800	109.4500	94.1100	88.5300	80.0000	78.5800	86.6300	98.3000	104.5600	110.9300	119.6600	128.2500	133.9800	155.7900	
HG_0008	C=1 
61.6031	61.5002	61.7983	64.6623	65.6451	67.0970	68.0619	76.5894	76.7518	77.8469	73.3837	66.4788	59.3723	48.5912	43.3243	39.1426	30.8886	
211.5200	212.0000	206.2600	161.2500	148.3800	124.5200	114.8900	91.0800	84.6400	89.2000	99.0700	107.2800	112.8700	123.8900	131.6100	139.5600	172.2200	
HG_0022	C=1 
47.7517	47.6582	49.1099	54.5919	56.9654	64.7015	69.3295	79.5861	81.0293	80.0948	70.4738	60.7355	55.9251	45.6166	38.7673	35.1082	26.9038	
161.1300	160.8800	150.3700	126.6100	116.6700	93.0100	86.2100	76.3600	74.2800	82.1400	92.3400	98.2500	103.6500	111.9600	119.9300	124.7200	144.2500	
HG_0027	C=1 
53.7049	53.7184	53.8028	57.3445	58.2642	61.1816	64.4576	67.3271	67.2660	62.9434	53.7504	46.1622	42.6775	36.1981	31.9083	30.0451	24.1767	
189.8400	191.1500	189.7900	156.5900	139.2300	111.7100	101.4800	84.5200	80.7600	84.8300	93.5400	100.2900	107.4100	116.7800	126.6600	136.2800	170.3800	
HG_0025	C=1 
37.6797	37.0681	36.9393	36.2922	37.0368	48.2526	55.1251	72.3533	71.7998	75.3379	71.1726	65.5864	62.4081	56.5632	51.4036	47.3266	35.5905	
140.1800	140.7400	141.2200	133.2000	128.9700	111.9400	106.4100	91.9000	86.3700	89.4600	97.6000	103.9200	108.7300	116.7000	123.8300	130.1900	149.8600	
