LG_0001 
49.6315070	35.3377218	65.9028890	69.9684624	69.2884507	67.4288820	50.7771383	47.5822636	49.5339692	67.1360602	47.3107025	45.7211063	
29.1000	29.3500	30.1500	27.3000	27.1300	26.7400	26.8600	27.4500	27.8600	26.9900	27.0800	26.5300	
LG_0006 
76.6579247	77.0508166	75.0406509	76.7205628	75.1548430	78.1978599	75.7355322	79.1276720	76.2264925	77.2554869	72.9440426	72.4021024	
31.9500	30.7600	30.4100	30.8800	30.1000	29.7000	30.8900	29.5300	29.3400	29.3500	29.1400	29.5000	
LG_0008 
72.1050382	65.8164812	66.9642720	64.5912673	66.0825306	58.6325629	66.5043774	64.8262058	64.8211247	63.6051023	67.9956301	66.0808035	
34.4900	35.1700	33.5400	36.6700	33.2500	32.8000	34.6400	34.3400	34.4700	32.7600	33.7700	34.3900	
LG_0015 
69.9905391	67.5704347	33.5827103	73.2458711	75.6274371	18.6510075	58.7927189	76.3968129	52.2935069	66.0592043	58.3565374	77.2882162	
29.8000	29.6800	30.1800	30.0400	30.2300	30.1700	29.6200	31.8400	30.0200	29.3100	29.8100	29.8200	
HG_0012 
36.4569041	56.3542891	36.2855517	54.0733034	42.5479401	43.0008155	47.5998490	55.0844637	42.5658389	53.0702588	21.2969211	50.3175610	
32.5300	35.2600	32.2200	33.9400	32.0500	32.2300	32.5800	34.1700	32.1800	33.4300	32.0600	34.7800	
HG_0010 
41.5803136	58.8114008	45.8631964	34.2433725	68.0152799	35.0803382	49.4597443	55.7062751	18.9002934	40.5830564	43.7644221	24.4602475	
33.2200	32.6700	32.2600	32.4100	32.5100	32.1200	32.3800	32.0200	31.7100	32.0100	32.0100	31.8700	
HG_0011 
71.7245031	76.2845758	70.0991315	73.8000450	72.5560467	73.4151198	72.9637064	66.5924192	74.0388918	73.0588267	73.8767593	71.4054754	
29.7300	29.0000	30.6600	29.5500	28.9800	28.8200	28.1100	29.4700	28.6100	28.5500	28.4900	29.0700	
HG_0001 
79.5299062	80.2504539	75.9446769	78.4639381	80.4703757	78.5862071	79.0479507	76.9307369	75.9838090	81.4028609	78.8539988	70.4710968	
31.4300	31.0400	35.2300	33.6100	30.4200	33.0800	30.5700	32.8000	32.5900	31.2600	30.8300	32.2100	
HG_0014 
74.7910793	76.9424241	77.5594625	74.5888118	70.2857305	76.7974892	76.4402948	75.0501865	71.1633893	72.0893189	77.4704826	67.6521931	
37.1500	37.3800	33.6000	36.1100	37.2300	33.6800	33.8500	36.5700	33.9000	35.1200	33.1700	33.6200	
HG_0003 
66.2805581	60.6541308	63.6196990	61.0915161	65.8249593	62.2507371	65.3370195	65.9506818	62.1517430	60.3863239	61.9775354	59.7288085	
39.8100	39.5500	36.2900	36.5100	36.9300	38.4100	38.8600	36.5100	36.9700	36.7900	36.6100	36.6300	
HG_0002 
59.9559034	59.4419691	56.3918021	61.1345270	56.5157286	62.3219383	59.3046588	59.8888620	59.3643429	62.1903236	61.9037174	60.6802357	
35.0200	33.8500	34.2500	32.6900	34.0700	33.2300	32.4700	33.2700	33.2100	32.3200	32.5700	32.7300	
HG_0008 
70.2804240	68.0347016	68.6713271	68.8712881	69.1109252	72.8385887	76.6232824	64.6522868	65.9904523	67.3159356	75.7664336	74.9893215	
36.8800	40.7900	36.1400	34.7000	35.3000	35.1400	39.9300	35.0400	34.5800	35.0800	35.2800	35.3800	
HG_0022 
53.1560831	58.0337640	60.5755331	56.7926597	59.8968525	53.9177903	59.2920161	63.2256607	52.5314089	50.5040906	67.8002015	57.7720876	
37.8800	34.1400	34.6000	35.8900	34.0300	34.9100	34.7100	31.4200	33.4500	31.6100	31.9800	31.4600	
HG_0027 
58.8841034	60.2954952	57.8574126	59.8798595	56.9167524	59.1448485	69.5202184	57.1876203	58.2478345	58.9315787	66.3617661	58.1094931	
35.5500	38.5200	37.0500	35.7300	34.3000	34.1400	34.1500	35.0900	38.6000	33.1000	33.5900	35.5500	
HG_0025 
73.3056148	70.4505703	65.4232837	60.2764416	52.2476538	61.5065976	41.2758382	69.9232411	59.0715333	64.8146454	50.4454336	63.2630170	
34.0000	33.1300	33.0300	32.0600	31.7500	31.5200	33.1700	32.7100	31.5000	32.0100	31.6200	31.4800	
