LG_0001 
50.6177652	40.2189135	48.2136490	47.6256827	
27.0100	26.8600	26.7400	26.8100	
LG_0006 
76.9385390	74.9502348	76.2377115	78.2735656	
29.2100	28.9800	29.0400	29.0900	
LG_0008 
55.0693859	61.4945148	66.4798963	68.3230027	
32.5800	32.2200	33.2100	32.2900	
LG_0015 
49.2822627	59.7722181	31.6356292	74.4828813	
29.7400	29.6500	29.7400	30.6800	
HG_0012 
50.9225245	27.6760744	27.2260197	50.0378600	
32.6700	33.3200	32.3900	33.2600	
HG_0010 
46.0275766	65.5856152	39.6979356	34.7031047	
32.6900	32.2000	31.7400	31.7600	
HG_0011 
68.3423258	72.1426408	67.3927141	64.7220776	
29.1000	28.4500	28.6300	28.3700	
HG_0001 
79.0976413	79.0091941	77.6827598	79.5251730	
30.2600	31.4600	31.2600	30.5000	
HG_0014 
72.9748458	72.3627869	74.2887425	68.0761293	
34.4300	34.3200	34.5500	33.4500	
HG_0003 
64.1411603	64.8710170	59.5044376	61.2512465	
36.6400	37.2800	36.5000	36.5000	
HG_0002 
57.7351261	57.2015461	58.9543387	48.2214194	
33.2400	32.4400	32.3800	32.6600	
HG_0008 
72.2661479	70.1612510	74.0336854	64.8850024	
34.5800	36.1300	36.7900	34.2700	
HG_0022 
74.9677079	53.4330363	54.1723282	53.7989584	
33.0400	33.2000	32.1700	32.4600	
HG_0027 
55.4127446	58.6012751	54.9535403	58.0356783	
37.4200	34.0500	35.0500	33.6500	
HG_0025 
38.8758038	38.8995968	38.5467873	43.5883665	
32.4400	31.5700	31.6900	31.7400	
